Initial Data
          ^GSPC      ^DJI      ^TNX     ^IXIC      ^RUT
^GSPC  1.000000  0.608696  0.217391  0.652174  0.521739
^DJI   0.608696  1.000000  0.217391  0.434783  0.521739
^TNX   0.217391  0.217391  1.000000  0.130435  0.304348
^IXIC  0.652174  0.434783  0.130435  1.000000  0.478261
^RUT   0.521739  0.521739  0.304348  0.478261  1.000000

Gaussian Copula Cvine
          ^GSPC      ^DJI      ^TNX     ^IXIC      ^RUT
^GSPC  1.000000  0.533333  0.000000  0.800000  0.266667
^DJI   0.533333  1.000000  0.133333  0.466667  0.333333
^TNX   0.000000  0.133333  1.000000  0.066667  0.200000
^IXIC  0.800000  0.466667  0.066667  1.000000  0.400000
^RUT   0.266667  0.333333  0.200000  0.400000  1.000000

Clayton Copula Cvine
          ^GSPC      ^DJI  ^TNX     ^IXIC      ^RUT
^GSPC  1.000000  0.666667   0.0  0.733333  0.666667
^DJI   0.666667  1.000000   0.0  0.600000  0.733333
^TNX   0.000000  0.000000   1.0  0.000000  0.000000
^IXIC  0.733333  0.600000   0.0  1.000000  0.533333
^RUT   0.666667  0.733333   0.0  0.533333  1.000000

Gaussian Copula
          ^GSPC      ^DJI  ^TNX     ^IXIC      ^RUT
^GSPC  1.000000  0.666667   0.0  0.800000  0.666667
^DJI   0.666667  1.000000   0.0  0.533333  0.600000
^TNX   0.000000  0.000000   1.0  0.000000  0.000000
^IXIC  0.800000  0.533333   0.0  1.000000  0.533333
^RUT   0.666667  0.600000   0.0  0.533333  1.000000

